2026/05/24-14:43:15.338688 7fe7fe84a700 RocksDB version: 5.18.4
2026/05/24-14:43:15.338986 7fe7fe84a700 Git sha rocksdb_build_git_sha:
2026/05/24-14:43:15.338988 7fe7fe84a700 Compile date Mar 11 2020
2026/05/24-14:43:15.338989 7fe7fe84a700 DB SUMMARY
2026/05/24-14:43:15.340337 7fe7fe84a700 CURRENT file:  CURRENT
2026/05/24-14:43:15.340339 7fe7fe84a700 IDENTITY file:  IDENTITY
2026/05/24-14:43:15.340784 7fe7fe84a700 MANIFEST file:  MANIFEST-000011 size: 349 Bytes
2026/05/24-14:43:15.340786 7fe7fe84a700 SST files in /home/nacos/data/protocol/raft/naming_service_metadata/log dir, Total Num: 3, files: 000006.sst 000008.sst 000012.sst 
2026/05/24-14:43:15.340914 7fe7fe84a700 Write Ahead Log file in /home/nacos/data/protocol/raft/naming_service_metadata/log: 000013.log size: 77 ; 
2026/05/24-14:43:15.340921 7fe7fe84a700                         Options.error_if_exists: 0
2026/05/24-14:43:15.340922 7fe7fe84a700                       Options.create_if_missing: 1
2026/05/24-14:43:15.340922 7fe7fe84a700                         Options.paranoid_checks: 1
2026/05/24-14:43:15.340922 7fe7fe84a700                                     Options.env: 0x7fe7b0dc1fa0
2026/05/24-14:43:15.341480 7fe7fe84a700                                Options.info_log: 0x7fe7f8fb93a0
2026/05/24-14:43:15.341484 7fe7fe84a700                Options.max_file_opening_threads: 16
2026/05/24-14:43:15.341485 7fe7fe84a700                              Options.statistics: 0x7fe7f8fbceb0
2026/05/24-14:43:15.341485 7fe7fe84a700                               Options.use_fsync: 0
2026/05/24-14:43:15.341485 7fe7fe84a700                       Options.max_log_file_size: 0
2026/05/24-14:43:15.341728 7fe7fe84a700                  Options.max_manifest_file_size: 1073741824
2026/05/24-14:43:15.341730 7fe7fe84a700                   Options.log_file_time_to_roll: 0
2026/05/24-14:43:15.341730 7fe7fe84a700                       Options.keep_log_file_num: 1000
2026/05/24-14:43:15.341731 7fe7fe84a700                    Options.recycle_log_file_num: 0
2026/05/24-14:43:15.341731 7fe7fe84a700                         Options.allow_fallocate: 1
2026/05/24-14:43:15.341731 7fe7fe84a700                        Options.allow_mmap_reads: 0
2026/05/24-14:43:15.341965 7fe7fe84a700                       Options.allow_mmap_writes: 0
2026/05/24-14:43:15.341966 7fe7fe84a700                        Options.use_direct_reads: 0
2026/05/24-14:43:15.341967 7fe7fe84a700                        Options.use_direct_io_for_flush_and_compaction: 0
2026/05/24-14:43:15.341967 7fe7fe84a700          Options.create_missing_column_families: 1
2026/05/24-14:43:15.341968 7fe7fe84a700                              Options.db_log_dir: 
2026/05/24-14:43:15.342195 7fe7fe84a700                                 Options.wal_dir: /home/nacos/data/protocol/raft/naming_service_metadata/log
2026/05/24-14:43:15.342196 7fe7fe84a700                Options.table_cache_numshardbits: 6
2026/05/24-14:43:15.342197 7fe7fe84a700                      Options.max_subcompactions: 1
2026/05/24-14:43:15.342197 7fe7fe84a700                  Options.max_background_flushes: 1
2026/05/24-14:43:15.342198 7fe7fe84a700                         Options.WAL_ttl_seconds: 0
2026/05/24-14:43:15.342425 7fe7fe84a700                       Options.WAL_size_limit_MB: 0
2026/05/24-14:43:15.342426 7fe7fe84a700             Options.manifest_preallocation_size: 4194304
2026/05/24-14:43:15.342426 7fe7fe84a700                     Options.is_fd_close_on_exec: 1
2026/05/24-14:43:15.342427 7fe7fe84a700                   Options.advise_random_on_open: 1
2026/05/24-14:43:15.342427 7fe7fe84a700                    Options.db_write_buffer_size: 0
2026/05/24-14:43:15.342708 7fe7fe84a700                    Options.write_buffer_manager: 0x7fe7f8fbf630
2026/05/24-14:43:15.342709 7fe7fe84a700         Options.access_hint_on_compaction_start: 1
2026/05/24-14:43:15.342710 7fe7fe84a700  Options.new_table_reader_for_compaction_inputs: 0
2026/05/24-14:43:15.342710 7fe7fe84a700           Options.random_access_max_buffer_size: 1048576
2026/05/24-14:43:15.342711 7fe7fe84a700                      Options.use_adaptive_mutex: 0
2026/05/24-14:43:15.342711 7fe7fe84a700                            Options.rate_limiter: (nil)
2026/05/24-14:43:15.342997 7fe7fe84a700     Options.sst_file_manager.rate_bytes_per_sec: 0
2026/05/24-14:43:15.342998 7fe7fe84a700                       Options.wal_recovery_mode: 2
2026/05/24-14:43:15.342998 7fe7fe84a700                  Options.enable_thread_tracking: 0
2026/05/24-14:43:15.342999 7fe7fe84a700                  Options.enable_pipelined_write: 0
2026/05/24-14:43:15.343000 7fe7fe84a700         Options.allow_concurrent_memtable_write: 1
2026/05/24-14:43:15.343233 7fe7fe84a700      Options.enable_write_thread_adaptive_yield: 1
2026/05/24-14:43:15.343234 7fe7fe84a700             Options.write_thread_max_yield_usec: 100
2026/05/24-14:43:15.343235 7fe7fe84a700            Options.write_thread_slow_yield_usec: 3
2026/05/24-14:43:15.343236 7fe7fe84a700                               Options.row_cache: None
2026/05/24-14:43:15.343236 7fe7fe84a700                              Options.wal_filter: None
2026/05/24-14:43:15.343236 7fe7fe84a700             Options.avoid_flush_during_recovery: 0
2026/05/24-14:43:15.343440 7fe7fe84a700             Options.allow_ingest_behind: 0
2026/05/24-14:43:15.343441 7fe7fe84a700             Options.preserve_deletes: 0
2026/05/24-14:43:15.343442 7fe7fe84a700             Options.two_write_queues: 0
2026/05/24-14:43:15.343442 7fe7fe84a700             Options.manual_wal_flush: 0
2026/05/24-14:43:15.343443 7fe7fe84a700             Options.max_background_jobs: 2
2026/05/24-14:43:15.343443 7fe7fe84a700             Options.max_background_compactions: 4
2026/05/24-14:43:15.343657 7fe7fe84a700             Options.avoid_flush_during_shutdown: 0
2026/05/24-14:43:15.343660 7fe7fe84a700           Options.writable_file_max_buffer_size: 1048576
2026/05/24-14:43:15.343661 7fe7fe84a700             Options.delayed_write_rate : 16777216
2026/05/24-14:43:15.343661 7fe7fe84a700             Options.max_total_wal_size: 0
2026/05/24-14:43:15.343662 7fe7fe84a700             Options.delete_obsolete_files_period_micros: 21600000000
2026/05/24-14:43:15.343662 7fe7fe84a700                   Options.stats_dump_period_sec: 600
2026/05/24-14:43:15.343866 7fe7fe84a700                          Options.max_open_files: -1
2026/05/24-14:43:15.343867 7fe7fe84a700                          Options.bytes_per_sync: 0
2026/05/24-14:43:15.343868 7fe7fe84a700                      Options.wal_bytes_per_sync: 0
2026/05/24-14:43:15.343868 7fe7fe84a700       Options.compaction_readahead_size: 0
2026/05/24-14:43:15.343869 7fe7fe84a700 Compression algorithms supported:
2026/05/24-14:43:15.343870 7fe7fe84a700 	kZSTDNotFinalCompression supported: 1
2026/05/24-14:43:15.344064 7fe7fe84a700 	kZSTD supported: 1
2026/05/24-14:43:15.344065 7fe7fe84a700 	kXpressCompression supported: 0
2026/05/24-14:43:15.344066 7fe7fe84a700 	kLZ4HCCompression supported: 1
2026/05/24-14:43:15.344067 7fe7fe84a700 	kLZ4Compression supported: 1
2026/05/24-14:43:15.344067 7fe7fe84a700 	kBZip2Compression supported: 1
2026/05/24-14:43:15.344068 7fe7fe84a700 	kZlibCompression supported: 1
2026/05/24-14:43:15.344068 7fe7fe84a700 	kSnappyCompression supported: 1
2026/05/24-14:43:15.344179 7fe7fe84a700 Fast CRC32 supported: Not supported on x86
2026/05/24-14:43:15.361025 7fe7fe84a700 [/version_set.cc:3508] Recovering from manifest file: MANIFEST-000011
2026/05/24-14:43:15.362994 7fe7fe84a700 [/column_family.cc:474] --------------- Options for column family [default]:
2026/05/24-14:43:15.362997 7fe7fe84a700               Options.comparator: leveldb.BytewiseComparator
2026/05/24-14:43:15.362998 7fe7fe84a700           Options.merge_operator: StringAppendOperator
2026/05/24-14:43:15.363195 7fe7fe84a700        Options.compaction_filter: None
2026/05/24-14:43:15.363197 7fe7fe84a700        Options.compaction_filter_factory: None
2026/05/24-14:43:15.363198 7fe7fe84a700         Options.memtable_factory: SkipListFactory
2026/05/24-14:43:15.363199 7fe7fe84a700            Options.table_factory: BlockBasedTable
2026/05/24-14:43:15.363210 7fe7fe84a700            table_factory options:   flush_block_policy_factory: FlushBlockBySizePolicyFactory (0x7fe7f9153b60)
  cache_index_and_filter_blocks: 0
  cache_index_and_filter_blocks_with_high_priority: 1
  pin_l0_filter_and_index_blocks_in_cache: 1
  pin_top_level_index_and_filter: 1
  index_type: 2
  hash_index_allow_collision: 1
  checksum: 1
  no_block_cache: 0
  block_cache: 0x7fe7f8fbd090
  block_cache_name: LRUCache
  block_cache_options:
    capacity : 536870912
    num_shard_bits : 8
    strict_capacity_limit : 0
    memory_allocator : None
    high_pri_pool_ratio: 0.000
  block_cache_compressed: (nil)
  persistent_cache: (nil)
  block_size: 4096
  block_size_deviation: 10
  block_restart_interval: 16
  index_block_restart_interval: 1
  metadata_block_size: 8192
  partition_filters: 1
  use_delta_encoding: 1
  filter_policy: nullptr
  whole_key_filtering: 1
  verify_compression: 0
  read_amp_bytes_per_bit: 0
  format_version: 0
  enable_index_compression: 1
  block_align: 0
2026/05/24-14:43:15.363710 7fe7fe84a700        Options.write_buffer_size: 134217728
2026/05/24-14:43:15.363711 7fe7fe84a700  Options.max_write_buffer_number: 6
2026/05/24-14:43:15.363964 7fe7fe84a700        Options.compression[0]: NoCompression
2026/05/24-14:43:15.363965 7fe7fe84a700        Options.compression[1]: NoCompression
2026/05/24-14:43:15.363966 7fe7fe84a700        Options.compression[2]: Snappy
2026/05/24-14:43:15.363967 7fe7fe84a700        Options.compression[3]: Snappy
2026/05/24-14:43:15.363967 7fe7fe84a700        Options.compression[4]: Snappy
2026/05/24-14:43:15.363967 7fe7fe84a700        Options.compression[5]: Snappy
2026/05/24-14:43:15.364130 7fe7fe84a700        Options.compression[6]: Snappy
2026/05/24-14:43:15.364131 7fe7fe84a700                  Options.bottommost_compression: Disabled
2026/05/24-14:43:15.364132 7fe7fe84a700       Options.prefix_extractor: rocksdb.FixedPrefix.8
2026/05/24-14:43:15.364133 7fe7fe84a700   Options.memtable_insert_with_hint_prefix_extractor: nullptr
2026/05/24-14:43:15.364134 7fe7fe84a700             Options.num_levels: 7
2026/05/24-14:43:15.364134 7fe7fe84a700        Options.min_write_buffer_number_to_merge: 2
2026/05/24-14:43:15.364388 7fe7fe84a700     Options.max_write_buffer_number_to_maintain: 0
2026/05/24-14:43:15.364389 7fe7fe84a700            Options.bottommost_compression_opts.window_bits: -14
2026/05/24-14:43:15.364390 7fe7fe84a700                  Options.bottommost_compression_opts.level: 32767
2026/05/24-14:43:15.364391 7fe7fe84a700               Options.bottommost_compression_opts.strategy: 0
2026/05/24-14:43:15.364391 7fe7fe84a700         Options.bottommost_compression_opts.max_dict_bytes: 0
2026/05/24-14:43:15.364542 7fe7fe84a700         Options.bottommost_compression_opts.zstd_max_train_bytes: 0
2026/05/24-14:43:15.364543 7fe7fe84a700                  Options.bottommost_compression_opts.enabled: false
2026/05/24-14:43:15.364544 7fe7fe84a700            Options.compression_opts.window_bits: -14
2026/05/24-14:43:15.364545 7fe7fe84a700                  Options.compression_opts.level: 32767
2026/05/24-14:43:15.364545 7fe7fe84a700               Options.compression_opts.strategy: 0
2026/05/24-14:43:15.364705 7fe7fe84a700         Options.compression_opts.max_dict_bytes: 0
2026/05/24-14:43:15.364706 7fe7fe84a700         Options.compression_opts.zstd_max_train_bytes: 0
2026/05/24-14:43:15.364707 7fe7fe84a700                  Options.compression_opts.enabled: false
2026/05/24-14:43:15.364708 7fe7fe84a700      Options.level0_file_num_compaction_trigger: 2
2026/05/24-14:43:15.364708 7fe7fe84a700          Options.level0_slowdown_writes_trigger: 20
2026/05/24-14:43:15.364709 7fe7fe84a700              Options.level0_stop_writes_trigger: 40
2026/05/24-14:43:15.364855 7fe7fe84a700                   Options.target_file_size_base: 67108864
2026/05/24-14:43:15.364856 7fe7fe84a700             Options.target_file_size_multiplier: 1
2026/05/24-14:43:15.364857 7fe7fe84a700                Options.max_bytes_for_level_base: 536870912
2026/05/24-14:43:15.364858 7fe7fe84a700 Options.level_compaction_dynamic_level_bytes: 0
2026/05/24-14:43:15.364859 7fe7fe84a700          Options.max_bytes_for_level_multiplier: 10.000000
2026/05/24-14:43:15.365019 7fe7fe84a700 Options.max_bytes_for_level_multiplier_addtl[0]: 1
2026/05/24-14:43:15.365020 7fe7fe84a700 Options.max_bytes_for_level_multiplier_addtl[1]: 1
2026/05/24-14:43:15.365021 7fe7fe84a700 Options.max_bytes_for_level_multiplier_addtl[2]: 1
2026/05/24-14:43:15.365021 7fe7fe84a700 Options.max_bytes_for_level_multiplier_addtl[3]: 1
2026/05/24-14:43:15.365021 7fe7fe84a700 Options.max_bytes_for_level_multiplier_addtl[4]: 1
2026/05/24-14:43:15.365022 7fe7fe84a700 Options.max_bytes_for_level_multiplier_addtl[5]: 1
2026/05/24-14:43:15.365176 7fe7fe84a700 Options.max_bytes_for_level_multiplier_addtl[6]: 1
2026/05/24-14:43:15.365177 7fe7fe84a700       Options.max_sequential_skip_in_iterations: 8
2026/05/24-14:43:15.365178 7fe7fe84a700                    Options.max_compaction_bytes: 1677721600
2026/05/24-14:43:15.365179 7fe7fe84a700                        Options.arena_block_size: 16777216
2026/05/24-14:43:15.365180 7fe7fe84a700   Options.soft_pending_compaction_bytes_limit: 68719476736
2026/05/24-14:43:15.365331 7fe7fe84a700   Options.hard_pending_compaction_bytes_limit: 274877906944
2026/05/24-14:43:15.365332 7fe7fe84a700       Options.rate_limit_delay_max_milliseconds: 100
2026/05/24-14:43:15.365333 7fe7fe84a700                Options.disable_auto_compactions: 0
2026/05/24-14:43:15.365334 7fe7fe84a700                        Options.compaction_style: kCompactionStyleLevel
2026/05/24-14:43:15.365335 7fe7fe84a700                          Options.compaction_pri: kByCompensatedSize
2026/05/24-14:43:15.365485 7fe7fe84a700 Options.compaction_options_universal.size_ratio: 1
2026/05/24-14:43:15.365487 7fe7fe84a700 Options.compaction_options_universal.min_merge_width: 2
2026/05/24-14:43:15.365487 7fe7fe84a700 Options.compaction_options_universal.max_merge_width: 4294967295
2026/05/24-14:43:15.365488 7fe7fe84a700 Options.compaction_options_universal.max_size_amplification_percent: 200
2026/05/24-14:43:15.365489 7fe7fe84a700 Options.compaction_options_universal.compression_size_percent: -1
2026/05/24-14:43:15.365650 7fe7fe84a700 Options.compaction_options_universal.stop_style: kCompactionStopStyleTotalSize
2026/05/24-14:43:15.365652 7fe7fe84a700 Options.compaction_options_fifo.max_table_files_size: 1073741824
2026/05/24-14:43:15.365652 7fe7fe84a700 Options.compaction_options_fifo.allow_compaction: 0
2026/05/24-14:43:15.365653 7fe7fe84a700 Options.compaction_options_fifo.ttl: 0
2026/05/24-14:43:15.365654 7fe7fe84a700                   Options.table_properties_collectors: 
2026/05/24-14:43:15.365801 7fe7fe84a700                   Options.inplace_update_support: 0
2026/05/24-14:43:15.365803 7fe7fe84a700                 Options.inplace_update_num_locks: 10000
2026/05/24-14:43:15.365803 7fe7fe84a700               Options.memtable_prefix_bloom_size_ratio: 0.125000
2026/05/24-14:43:15.365804 7fe7fe84a700   Options.memtable_huge_page_size: 0
2026/05/24-14:43:15.365805 7fe7fe84a700                           Options.bloom_locality: 0
2026/05/24-14:43:15.365805 7fe7fe84a700                    Options.max_successive_merges: 0
2026/05/24-14:43:15.365950 7fe7fe84a700                Options.optimize_filters_for_hits: 0
2026/05/24-14:43:15.365951 7fe7fe84a700                Options.paranoid_file_checks: 0
2026/05/24-14:43:15.365952 7fe7fe84a700                Options.force_consistency_checks: 1
2026/05/24-14:43:15.365953 7fe7fe84a700                Options.report_bg_io_stats: 0
2026/05/24-14:43:15.365953 7fe7fe84a700                               Options.ttl: 0
2026/05/24-14:43:15.375386 7fe7fe84a700 [/column_family.cc:474] --------------- Options for column family [Configuration]:
2026/05/24-14:43:15.375612 7fe7fe84a700               Options.comparator: leveldb.BytewiseComparator
2026/05/24-14:43:15.375614 7fe7fe84a700           Options.merge_operator: StringAppendOperator
2026/05/24-14:43:15.375614 7fe7fe84a700        Options.compaction_filter: None
2026/05/24-14:43:15.375615 7fe7fe84a700        Options.compaction_filter_factory: None
2026/05/24-14:43:15.375615 7fe7fe84a700         Options.memtable_factory: SkipListFactory
2026/05/24-14:43:15.375982 7fe7fe84a700            Options.table_factory: BlockBasedTable
2026/05/24-14:43:15.375996 7fe7fe84a700            table_factory options:   flush_block_policy_factory: FlushBlockBySizePolicyFactory (0x7fe7f9153b60)
  cache_index_and_filter_blocks: 0
  cache_index_and_filter_blocks_with_high_priority: 1
  pin_l0_filter_and_index_blocks_in_cache: 1
  pin_top_level_index_and_filter: 1
  index_type: 2
  hash_index_allow_collision: 1
  checksum: 1
  no_block_cache: 0
  block_cache: 0x7fe7f8fbd090
  block_cache_name: LRUCache
  block_cache_options:
    capacity : 536870912
    num_shard_bits : 8
    strict_capacity_limit : 0
    memory_allocator : None
    high_pri_pool_ratio: 0.000
  block_cache_compressed: (nil)
  persistent_cache: (nil)
  block_size: 4096
  block_size_deviation: 10
  block_restart_interval: 16
  index_block_restart_interval: 1
  metadata_block_size: 8192
  partition_filters: 1
  use_delta_encoding: 1
  filter_policy: nullptr
  whole_key_filtering: 1
  verify_compression: 0
  read_amp_bytes_per_bit: 0
  format_version: 0
  enable_index_compression: 1
  block_align: 0
2026/05/24-14:43:15.376387 7fe7fe84a700        Options.write_buffer_size: 134217728
2026/05/24-14:43:15.376388 7fe7fe84a700  Options.max_write_buffer_number: 6
2026/05/24-14:43:15.376390 7fe7fe84a700        Options.compression[0]: NoCompression
2026/05/24-14:43:15.376390 7fe7fe84a700        Options.compression[1]: NoCompression
2026/05/24-14:43:15.376391 7fe7fe84a700        Options.compression[2]: Snappy
2026/05/24-14:43:15.376576 7fe7fe84a700        Options.compression[3]: Snappy
2026/05/24-14:43:15.376577 7fe7fe84a700        Options.compression[4]: Snappy
2026/05/24-14:43:15.376578 7fe7fe84a700        Options.compression[5]: Snappy
2026/05/24-14:43:15.376578 7fe7fe84a700        Options.compression[6]: Snappy
2026/05/24-14:43:15.376579 7fe7fe84a700                  Options.bottommost_compression: Disabled
2026/05/24-14:43:15.376580 7fe7fe84a700       Options.prefix_extractor: rocksdb.FixedPrefix.8
2026/05/24-14:43:15.376760 7fe7fe84a700   Options.memtable_insert_with_hint_prefix_extractor: nullptr
2026/05/24-14:43:15.376761 7fe7fe84a700             Options.num_levels: 7
2026/05/24-14:43:15.376762 7fe7fe84a700        Options.min_write_buffer_number_to_merge: 2
2026/05/24-14:43:15.376763 7fe7fe84a700     Options.max_write_buffer_number_to_maintain: 0
2026/05/24-14:43:15.376763 7fe7fe84a700            Options.bottommost_compression_opts.window_bits: -14
2026/05/24-14:43:15.376763 7fe7fe84a700                  Options.bottommost_compression_opts.level: 32767
2026/05/24-14:43:15.376943 7fe7fe84a700               Options.bottommost_compression_opts.strategy: 0
2026/05/24-14:43:15.376945 7fe7fe84a700         Options.bottommost_compression_opts.max_dict_bytes: 0
2026/05/24-14:43:15.376946 7fe7fe84a700         Options.bottommost_compression_opts.zstd_max_train_bytes: 0
2026/05/24-14:43:15.376947 7fe7fe84a700                  Options.bottommost_compression_opts.enabled: false
2026/05/24-14:43:15.376947 7fe7fe84a700            Options.compression_opts.window_bits: -14
2026/05/24-14:43:15.377126 7fe7fe84a700                  Options.compression_opts.level: 32767
2026/05/24-14:43:15.377127 7fe7fe84a700               Options.compression_opts.strategy: 0
2026/05/24-14:43:15.377128 7fe7fe84a700         Options.compression_opts.max_dict_bytes: 0
2026/05/24-14:43:15.377128 7fe7fe84a700         Options.compression_opts.zstd_max_train_bytes: 0
2026/05/24-14:43:15.377128 7fe7fe84a700                  Options.compression_opts.enabled: false
2026/05/24-14:43:15.377308 7fe7fe84a700      Options.level0_file_num_compaction_trigger: 2
2026/05/24-14:43:15.377309 7fe7fe84a700          Options.level0_slowdown_writes_trigger: 20
2026/05/24-14:43:15.377310 7fe7fe84a700              Options.level0_stop_writes_trigger: 40
2026/05/24-14:43:15.377311 7fe7fe84a700                   Options.target_file_size_base: 67108864
2026/05/24-14:43:15.377311 7fe7fe84a700             Options.target_file_size_multiplier: 1
2026/05/24-14:43:15.377312 7fe7fe84a700                Options.max_bytes_for_level_base: 536870912
2026/05/24-14:43:15.377512 7fe7fe84a700 Options.level_compaction_dynamic_level_bytes: 0
2026/05/24-14:43:15.377513 7fe7fe84a700          Options.max_bytes_for_level_multiplier: 10.000000
2026/05/24-14:43:15.377515 7fe7fe84a700 Options.max_bytes_for_level_multiplier_addtl[0]: 1
2026/05/24-14:43:15.377516 7fe7fe84a700 Options.max_bytes_for_level_multiplier_addtl[1]: 1
2026/05/24-14:43:15.377517 7fe7fe84a700 Options.max_bytes_for_level_multiplier_addtl[2]: 1
2026/05/24-14:43:15.377699 7fe7fe84a700 Options.max_bytes_for_level_multiplier_addtl[3]: 1
2026/05/24-14:43:15.377700 7fe7fe84a700 Options.max_bytes_for_level_multiplier_addtl[4]: 1
2026/05/24-14:43:15.377701 7fe7fe84a700 Options.max_bytes_for_level_multiplier_addtl[5]: 1
2026/05/24-14:43:15.377702 7fe7fe84a700 Options.max_bytes_for_level_multiplier_addtl[6]: 1
2026/05/24-14:43:15.377702 7fe7fe84a700       Options.max_sequential_skip_in_iterations: 8
2026/05/24-14:43:15.377702 7fe7fe84a700                    Options.max_compaction_bytes: 1677721600
2026/05/24-14:43:15.377896 7fe7fe84a700                        Options.arena_block_size: 16777216
2026/05/24-14:43:15.377901 7fe7fe84a700   Options.soft_pending_compaction_bytes_limit: 68719476736
2026/05/24-14:43:15.377902 7fe7fe84a700   Options.hard_pending_compaction_bytes_limit: 274877906944
2026/05/24-14:43:15.377902 7fe7fe84a700       Options.rate_limit_delay_max_milliseconds: 100
2026/05/24-14:43:15.377903 7fe7fe84a700                Options.disable_auto_compactions: 0
2026/05/24-14:43:15.378093 7fe7fe84a700                        Options.compaction_style: kCompactionStyleLevel
2026/05/24-14:43:15.378095 7fe7fe84a700                          Options.compaction_pri: kByCompensatedSize
2026/05/24-14:43:15.378096 7fe7fe84a700 Options.compaction_options_universal.size_ratio: 1
2026/05/24-14:43:15.378096 7fe7fe84a700 Options.compaction_options_universal.min_merge_width: 2
2026/05/24-14:43:15.378097 7fe7fe84a700 Options.compaction_options_universal.max_merge_width: 4294967295
2026/05/24-14:43:15.378268 7fe7fe84a700 Options.compaction_options_universal.max_size_amplification_percent: 200
2026/05/24-14:43:15.378269 7fe7fe84a700 Options.compaction_options_universal.compression_size_percent: -1
2026/05/24-14:43:15.378270 7fe7fe84a700 Options.compaction_options_universal.stop_style: kCompactionStopStyleTotalSize
2026/05/24-14:43:15.378270 7fe7fe84a700 Options.compaction_options_fifo.max_table_files_size: 1073741824
2026/05/24-14:43:15.378271 7fe7fe84a700 Options.compaction_options_fifo.allow_compaction: 0
2026/05/24-14:43:15.378439 7fe7fe84a700 Options.compaction_options_fifo.ttl: 0
2026/05/24-14:43:15.378440 7fe7fe84a700                   Options.table_properties_collectors: 
2026/05/24-14:43:15.378441 7fe7fe84a700                   Options.inplace_update_support: 0
2026/05/24-14:43:15.378441 7fe7fe84a700                 Options.inplace_update_num_locks: 10000
2026/05/24-14:43:15.378442 7fe7fe84a700               Options.memtable_prefix_bloom_size_ratio: 0.125000
2026/05/24-14:43:15.378625 7fe7fe84a700   Options.memtable_huge_page_size: 0
2026/05/24-14:43:15.378627 7fe7fe84a700                           Options.bloom_locality: 0
2026/05/24-14:43:15.378627 7fe7fe84a700                    Options.max_successive_merges: 0
2026/05/24-14:43:15.378628 7fe7fe84a700                Options.optimize_filters_for_hits: 0
2026/05/24-14:43:15.378628 7fe7fe84a700                Options.paranoid_file_checks: 0
2026/05/24-14:43:15.378629 7fe7fe84a700                Options.force_consistency_checks: 1
2026/05/24-14:43:15.378812 7fe7fe84a700                Options.report_bg_io_stats: 0
2026/05/24-14:43:15.378813 7fe7fe84a700                               Options.ttl: 0
2026/05/24-14:43:15.399956 7fe7fe84a700 [/version_set.cc:3724] Recovered from manifest file:/home/nacos/data/protocol/raft/naming_service_metadata/log/MANIFEST-000011 succeeded,manifest_file_number is 11, next_file_number is 17, last_sequence is 3, log_number is 0,prev_log_number is 0,max_column_family is 1,min_log_number_to_keep is 0
2026/05/24-14:43:15.400091 7fe7fe84a700 [/version_set.cc:3732] Column family [default] (ID 0), log number is 10
2026/05/24-14:43:15.400097 7fe7fe84a700 [/version_set.cc:3732] Column family [Configuration] (ID 1), log number is 10
2026/05/24-14:43:15.403745 7fe7fe84a700 EVENT_LOG_v1 {"time_micros": 1779604995403743, "job": 1, "event": "recovery_started", "log_files": [13]}
2026/05/24-14:43:15.403750 7fe7fe84a700 [/db_impl_open.cc:578] Recovering log #13 mode 2
2026/05/24-14:43:15.413898 7fe7fe84a700 EVENT_LOG_v1 {"time_micros": 1779604995413894, "cf_name": "default", "job": 1, "event": "table_file_creation", "file_number": 17, "file_size": 723, "table_properties": {"data_size": 0, "index_size": 13, "filter_size": 0, "raw_key_size": 16, "raw_average_key_size": 0, "raw_value_size": 8, "raw_average_value_size": 0, "num_data_blocks": 0, "num_entries": 0, "filter_policy_name": ""}}
2026/05/24-14:43:15.414908 7fe7fe84a700 [/version_set.cc:3037] Creating manifest 18
2026/05/24-14:43:15.435948 7fe7fe84a700 EVENT_LOG_v1 {"time_micros": 1779604995435944, "cf_name": "Configuration", "job": 1, "event": "table_file_creation", "file_number": 19, "file_size": 729, "table_properties": {"data_size": 0, "index_size": 13, "filter_size": 0, "raw_key_size": 16, "raw_average_key_size": 0, "raw_value_size": 8, "raw_average_value_size": 0, "num_data_blocks": 0, "num_entries": 0, "filter_policy_name": ""}}
2026/05/24-14:43:15.441436 7fe7fe84a700 EVENT_LOG_v1 {"time_micros": 1779604995441434, "job": 1, "event": "recovery_finished"}
2026/05/24-14:43:15.457270 7fe7fe84a700 [/db_impl_open.cc:1314] DB pointer 0x7fe7f8ebc880
2026/05/24-14:43:15.457554 7fe792ffd700 [WARN] [/db_impl.cc:669] ------- DUMPING STATS -------
2026/05/24-14:43:15.457569 7fe792ffd700 [WARN] [/db_impl.cc:670] 
** DB Stats **
Uptime(secs): 0.1 total, 0.1 interval
Cumulative writes: 0 writes, 0 keys, 0 commit groups, 0.0 writes per commit group, ingest: 0.00 GB, 0.00 MB/s
Cumulative WAL: 0 writes, 0 syncs, 0.00 writes per sync, written: 0.00 GB, 0.00 MB/s
Cumulative stall: 00:00:0.000 H:M:S, 0.0 percent
Interval writes: 0 writes, 0 keys, 0 commit groups, 0.0 writes per commit group, ingest: 0.00 MB, 0.00 MB/s
Interval WAL: 0 writes, 0 syncs, 0.00 writes per sync, written: 0.00 MB, 0.00 MB/s
Interval stall: 00:00:0.000 H:M:S, 0.0 percent

** Compaction Stats [default] **
Level    Files   Size     Score Read(GB)  Rn(GB) Rnp1(GB) Write(GB) Wnew(GB) Moved(GB) W-Amp Rd(MB/s) Wr(MB/s) Comp(sec) Comp(cnt) Avg(sec) KeyIn KeyDrop
----------------------------------------------------------------------------------------------------------------------------------------------------------
  L0      2/2    1.49 KB   0.0      0.0     0.0      0.0       0.0      0.0       0.0   1.0      0.0      0.1         0         1    0.008       0      0
 Sum      2/2    1.49 KB   0.0      0.0     0.0      0.0       0.0      0.0       0.0   1.0      0.0      0.1         0         1    0.008       0      0
 Int      0/0    0.00 KB   0.0      0.0     0.0      0.0       0.0      0.0       0.0   1.0      0.0      0.1         0         1    0.008       0      0
Uptime(secs): 0.1 total, 0.1 interval
Flush(GB): cumulative 0.000, interval 0.000
AddFile(GB): cumulative 0.000, interval 0.000
AddFile(Total Files): cumulative 0, interval 0
AddFile(L0 Files): cumulative 0, interval 0
AddFile(Keys): cumulative 0, interval 0
Cumulative compaction: 0.00 GB write, 0.01 MB/s write, 0.00 GB read, 0.00 MB/s read, 0.0 seconds
Interval compaction: 0.00 GB write, 0.01 MB/s write, 0.00 GB read, 0.00 MB/s read, 0.0 seconds
Stalls(count): 0 level0_slowdown, 0 level0_slowdown_with_compaction, 0 level0_numfiles, 0 level0_numfiles_with_compaction, 0 stop for pending_compaction_bytes, 0 slowdown for pending_compaction_bytes, 0 memtable_compaction, 0 memtable_slowdown, interval 0 total count

** File Read Latency Histogram By Level [default] **
** Level 0 read latency histogram (micros):
Count: 10 Average: 102.0000  StdDev: 55.74
Min: 64  Median: 90.5714  Max: 266
Percentiles: P50: 90.57 P75: 102.71 P99: 266.00 P99.9: 266.00 P99.99: 266.00
------------------------------------------------------
(      51,      76 ]        2  20.000%  20.000% ####
(      76,     110 ]        7  70.000%  90.000% ##############
(     250,     380 ]        1  10.000% 100.000% ##


** Compaction Stats [Configuration] **
Level    Files   Size     Score Read(GB)  Rn(GB) Rnp1(GB) Write(GB) Wnew(GB) Moved(GB) W-Amp Rd(MB/s) Wr(MB/s) Comp(sec) Comp(cnt) Avg(sec) KeyIn KeyDrop
----------------------------------------------------------------------------------------------------------------------------------------------------------
  L0      2/0    1.49 KB   1.0      0.0     0.0      0.0       0.0      0.0       0.0   1.0      0.0      0.1         0         1    0.005       0      0
  L1      1/0    0.79 KB   0.0      0.0     0.0      0.0       0.0      0.0       0.0   0.0      0.0      0.0         0         0    0.000       0      0
 Sum      3/0    2.27 KB   0.0      0.0     0.0      0.0       0.0      0.0       0.0   1.0      0.0      0.1         0         1    0.005       0      0
 Int      0/0    0.00 KB   0.0      0.0     0.0      0.0       0.0      0.0       0.0   1.0      0.0      0.1         0         1    0.005       0      0
Uptime(secs): 0.1 total, 0.1 interval
Flush(GB): cumulative 0.000, interval 0.000
AddFile(GB): cumulative 0.000, interval 0.000
AddFile(Total Files): cumulative 0, interval 0
AddFile(L0 Files): cumulative 0, interval 0
AddFile(Keys): cumulative 0, interval 0
Cumulative compaction: 0.00 GB write, 0.01 MB/s write, 0.00 GB read, 0.00 MB/s read, 0.0 seconds
Interval compaction: 0.00 GB write, 0.01 MB/s write, 0.00 GB read, 0.00 MB/s read, 0.0 seconds
Stalls(count): 0 level0_slowdown, 0 level0_slowdown_with_compaction, 0 level0_numfiles, 0 level0_numfiles_with_compaction, 0 stop for pending_compaction_bytes, 0 slowdown for pending_compaction_bytes, 0 memtable_compaction, 0 memtable_slowdown, interval 0 total count

** File Read Latency Histogram By Level [Configuration] **
** Level 0 read latency histogram (micros):
Count: 10 Average: 122.2000  StdDev: 61.60
Min: 70  Median: 103.2000  Max: 292
Percentiles: P50: 103.20 P75: 140.00 P99: 292.00 P99.9: 292.00 P99.99: 292.00
------------------------------------------------------
(      51,      76 ]        1  10.000%  10.000% ##
(      76,     110 ]        5  50.000%  60.000% ##########
(     110,     170 ]        3  30.000%  90.000% ######
(     250,     380 ]        1  10.000% 100.000% ##

** Level 1 read latency histogram (micros):
Count: 4 Average: 97.2500  StdDev: 7.46
Min: 91  Median: 93.0000  Max: 110
Percentiles: P50: 93.00 P75: 101.50 P99: 109.66 P99.9: 109.97 P99.99: 110.00
------------------------------------------------------
(      76,     110 ]        4 100.000% 100.000% ####################


** Compaction Stats [default] **
Level    Files   Size     Score Read(GB)  Rn(GB) Rnp1(GB) Write(GB) Wnew(GB) Moved(GB) W-Amp Rd(MB/s) Wr(MB/s) Comp(sec) Comp(cnt) Avg(sec) KeyIn KeyDrop
----------------------------------------------------------------------------------------------------------------------------------------------------------
  L0      2/2    1.49 KB   0.0      0.0     0.0      0.0       0.0      0.0       0.0   1.0      0.0      0.1         0         1    0.008       0      0
 Sum      2/2    1.49 KB   0.0      0.0     0.0      0.0       0.0      0.0       0.0   1.0      0.0      0.1         0         1    0.008       0      0
 Int      0/0    0.00 KB   0.0      0.0     0.0      0.0       0.0      0.0       0.0   0.0      0.0      0.0         0         0    0.000       0      0
Uptime(secs): 0.1 total, 0.0 interval
Flush(GB): cumulative 0.000, interval 0.000
AddFile(GB): cumulative 0.000, interval 0.000
AddFile(Total Files): cumulative 0, interval 0
AddFile(L0 Files): cumulative 0, interval 0
AddFile(Keys): cumulative 0, interval 0
Cumulative compaction: 0.00 GB write, 0.01 MB/s write, 0.00 GB read, 0.00 MB/s read, 0.0 seconds
Interval compaction: 0.00 GB write, 0.00 MB/s write, 0.00 GB read, 0.00 MB/s read, 0.0 seconds
Stalls(count): 0 level0_slowdown, 0 level0_slowdown_with_compaction, 0 level0_numfiles, 0 level0_numfiles_with_compaction, 0 stop for pending_compaction_bytes, 0 slowdown for pending_compaction_bytes, 0 memtable_compaction, 0 memtable_slowdown, interval 0 total count

** File Read Latency Histogram By Level [default] **
** Level 0 read latency histogram (micros):
Count: 10 Average: 102.0000  StdDev: 55.74
Min: 64  Median: 90.5714  Max: 266
Percentiles: P50: 90.57 P75: 102.71 P99: 266.00 P99.9: 266.00 P99.99: 266.00
------------------------------------------------------
(      51,      76 ]        2  20.000%  20.000% ####
(      76,     110 ]        7  70.000%  90.000% ##############
(     250,     380 ]        1  10.000% 100.000% ##


** Compaction Stats [Configuration] **
Level    Files   Size     Score Read(GB)  Rn(GB) Rnp1(GB) Write(GB) Wnew(GB) Moved(GB) W-Amp Rd(MB/s) Wr(MB/s) Comp(sec) Comp(cnt) Avg(sec) KeyIn KeyDrop
----------------------------------------------------------------------------------------------------------------------------------------------------------
  L0      2/0    1.49 KB   1.0      0.0     0.0      0.0       0.0      0.0       0.0   1.0      0.0      0.1         0         1    0.005       0      0
  L1      1/0    0.79 KB   0.0      0.0     0.0      0.0       0.0      0.0       0.0   0.0      0.0      0.0         0         0    0.000       0      0
 Sum      3/0    2.27 KB   0.0      0.0     0.0      0.0       0.0      0.0       0.0   1.0      0.0      0.1         0         1    0.005       0      0
 Int      0/0    0.00 KB   0.0      0.0     0.0      0.0       0.0      0.0       0.0   0.0      0.0      0.0         0         0    0.000       0      0
Uptime(secs): 0.1 total, 0.0 interval
Flush(GB): cumulative 0.000, interval 0.000
AddFile(GB): cumulative 0.000, interval 0.000
AddFile(Total Files): cumulative 0, interval 0
AddFile(L0 Files): cumulative 0, interval 0
AddFile(Keys): cumulative 0, interval 0
Cumulative compaction: 0.00 GB write, 0.01 MB/s write, 0.00 GB read, 0.00 MB/s read, 0.0 seconds
Interval compaction: 0.00 GB write, 0.00 MB/s write, 0.00 GB read, 0.00 MB/s read, 0.0 seconds
Stalls(count): 0 level0_slowdown, 0 level0_slowdown_with_compaction, 0 level0_numfiles, 0 level0_numfiles_with_compaction, 0 stop for pending_compaction_bytes, 0 slowdown for pending_compaction_bytes, 0 memtable_compaction, 0 memtable_slowdown, interval 0 total count

** File Read Latency Histogram By Level [Configuration] **
** Level 0 read latency histogram (micros):
Count: 10 Average: 122.2000  StdDev: 61.60
Min: 70  Median: 103.2000  Max: 292
Percentiles: P50: 103.20 P75: 140.00 P99: 292.00 P99.9: 292.00 P99.99: 292.00
------------------------------------------------------
(      51,      76 ]        1  10.000%  10.000% ##
(      76,     110 ]        5  50.000%  60.000% ##########
(     110,     170 ]        3  30.000%  90.000% ######
(     250,     380 ]        1  10.000% 100.000% ##

** Level 1 read latency histogram (micros):
Count: 4 Average: 97.2500  StdDev: 7.46
Min: 91  Median: 93.0000  Max: 110
Percentiles: P50: 93.00 P75: 101.50 P99: 109.66 P99.9: 109.97 P99.99: 110.00
------------------------------------------------------
(      76,     110 ]        4 100.000% 100.000% ####################

2026/05/24-14:43:15.458525 7fe792ffd700 [WARN] [/db_impl.cc:617] STATISTICS:
 rocksdb.block.cache.miss COUNT : 7
rocksdb.block.cache.hit COUNT : 1
rocksdb.block.cache.add COUNT : 6
rocksdb.block.cache.add.failures COUNT : 0
rocksdb.block.cache.index.miss COUNT : 3
rocksdb.block.cache.index.hit COUNT : 1
rocksdb.block.cache.index.add COUNT : 3
rocksdb.block.cache.index.bytes.insert COUNT : 384
rocksdb.block.cache.index.bytes.evict COUNT : 0
rocksdb.block.cache.filter.miss COUNT : 0
rocksdb.block.cache.filter.hit COUNT : 0
rocksdb.block.cache.filter.add COUNT : 0
rocksdb.block.cache.filter.bytes.insert COUNT : 0
rocksdb.block.cache.filter.bytes.evict COUNT : 0
rocksdb.block.cache.data.miss COUNT : 4
rocksdb.block.cache.data.hit COUNT : 0
rocksdb.block.cache.data.add COUNT : 3
rocksdb.block.cache.data.bytes.insert COUNT : 400
rocksdb.block.cache.bytes.read COUNT : 128
rocksdb.block.cache.bytes.write COUNT : 784
rocksdb.bloom.filter.useful COUNT : 0
rocksdb.bloom.filter.full.positive COUNT : 0
rocksdb.bloom.filter.full.true.positive COUNT : 0
rocksdb.persistent.cache.hit COUNT : 0
rocksdb.persistent.cache.miss COUNT : 0
rocksdb.sim.block.cache.hit COUNT : 0
rocksdb.sim.block.cache.miss COUNT : 0
rocksdb.memtable.hit COUNT : 0
rocksdb.memtable.miss COUNT : 0
rocksdb.l0.hit COUNT : 0
rocksdb.l1.hit COUNT : 0
rocksdb.l2andup.hit COUNT : 0
rocksdb.compaction.key.drop.new COUNT : 0
rocksdb.compaction.key.drop.obsolete COUNT : 0
rocksdb.compaction.key.drop.range_del COUNT : 0
rocksdb.compaction.key.drop.user COUNT : 0
rocksdb.compaction.range_del.drop.obsolete COUNT : 0
rocksdb.compaction.optimized.del.drop.obsolete COUNT : 0
rocksdb.compaction.cancelled COUNT : 0
rocksdb.number.keys.written COUNT : 0
rocksdb.number.keys.read COUNT : 0
rocksdb.number.keys.updated COUNT : 0
rocksdb.bytes.written COUNT : 0
rocksdb.bytes.read COUNT : 0
rocksdb.number.db.seek COUNT : 0
rocksdb.number.db.next COUNT : 0
rocksdb.number.db.prev COUNT : 0
rocksdb.number.db.seek.found COUNT : 0
rocksdb.number.db.next.found COUNT : 0
rocksdb.number.db.prev.found COUNT : 0
rocksdb.db.iter.bytes.read COUNT : 0
rocksdb.no.file.closes COUNT : 0
rocksdb.no.file.opens COUNT : 5
rocksdb.no.file.errors COUNT : 0
rocksdb.l0.slowdown.micros COUNT : 0
rocksdb.memtable.compaction.micros COUNT : 0
rocksdb.l0.num.files.stall.micros COUNT : 0
rocksdb.stall.micros COUNT : 0
rocksdb.db.mutex.wait.micros COUNT : 0
rocksdb.rate.limit.delay.millis COUNT : 0
rocksdb.num.iterators COUNT : 0
rocksdb.number.multiget.get COUNT : 0
rocksdb.number.multiget.keys.read COUNT : 0
rocksdb.number.multiget.bytes.read COUNT : 0
rocksdb.number.deletes.filtered COUNT : 0
rocksdb.number.merge.failures COUNT : 0
rocksdb.bloom.filter.prefix.checked COUNT : 0
rocksdb.bloom.filter.prefix.useful COUNT : 0
rocksdb.number.reseeks.iteration COUNT : 0
rocksdb.getupdatessince.calls COUNT : 0
rocksdb.block.cachecompressed.miss COUNT : 0
rocksdb.block.cachecompressed.hit COUNT : 0
rocksdb.block.cachecompressed.add COUNT : 0
rocksdb.block.cachecompressed.add.failures COUNT : 0
rocksdb.wal.synced COUNT : 0
rocksdb.wal.bytes COUNT : 0
rocksdb.write.self COUNT : 0
rocksdb.write.other COUNT : 0
rocksdb.write.timeout COUNT : 0
rocksdb.write.wal COUNT : 0
rocksdb.compact.read.bytes COUNT : 0
rocksdb.compact.write.bytes COUNT : 1452
rocksdb.flush.write.bytes COUNT : 0
rocksdb.number.direct.load.table.properties COUNT : 0
rocksdb.number.superversion_acquires COUNT : 1
rocksdb.number.superversion_releases COUNT : 0
rocksdb.number.superversion_cleanups COUNT : 0
rocksdb.number.block.compressed COUNT : 0
rocksdb.number.block.decompressed COUNT : 0
rocksdb.number.block.not_compressed COUNT : 0
rocksdb.merge.operation.time.nanos COUNT : 0
rocksdb.filter.operation.time.nanos COUNT : 0
rocksdb.row.cache.hit COUNT : 0
rocksdb.row.cache.miss COUNT : 0
rocksdb.read.amp.estimate.useful.bytes COUNT : 0
rocksdb.read.amp.total.read.bytes COUNT : 0
