2026/05/24-14:43:15.092159 7fe7fe84a700 RocksDB version: 5.18.4
2026/05/24-14:43:15.092785 7fe7fe84a700 Git sha rocksdb_build_git_sha:
2026/05/24-14:43:15.092787 7fe7fe84a700 Compile date Mar 11 2020
2026/05/24-14:43:15.092788 7fe7fe84a700 DB SUMMARY
2026/05/24-14:43:15.095301 7fe7fe84a700 CURRENT file:  CURRENT
2026/05/24-14:43:15.095304 7fe7fe84a700 IDENTITY file:  IDENTITY
2026/05/24-14:43:15.095930 7fe7fe84a700 MANIFEST file:  MANIFEST-000011 size: 349 Bytes
2026/05/24-14:43:15.095934 7fe7fe84a700 SST files in /home/nacos/data/protocol/raft/naming_instance_metadata/log dir, Total Num: 3, files: 000006.sst 000008.sst 000012.sst 
2026/05/24-14:43:15.096070 7fe7fe84a700 Write Ahead Log file in /home/nacos/data/protocol/raft/naming_instance_metadata/log: 000013.log size: 77 ; 
2026/05/24-14:43:15.096075 7fe7fe84a700                         Options.error_if_exists: 0
2026/05/24-14:43:15.096076 7fe7fe84a700                       Options.create_if_missing: 1
2026/05/24-14:43:15.096077 7fe7fe84a700                         Options.paranoid_checks: 1
2026/05/24-14:43:15.096077 7fe7fe84a700                                     Options.env: 0x7fe7b0dc1fa0
2026/05/24-14:43:15.096644 7fe7fe84a700                                Options.info_log: 0x7fe7f8fcea70
2026/05/24-14:43:15.096646 7fe7fe84a700                Options.max_file_opening_threads: 16
2026/05/24-14:43:15.096647 7fe7fe84a700                              Options.statistics: 0x7fe7f922cc10
2026/05/24-14:43:15.096648 7fe7fe84a700                               Options.use_fsync: 0
2026/05/24-14:43:15.096648 7fe7fe84a700                       Options.max_log_file_size: 0
2026/05/24-14:43:15.096747 7fe7fe84a700                  Options.max_manifest_file_size: 1073741824
2026/05/24-14:43:15.096748 7fe7fe84a700                   Options.log_file_time_to_roll: 0
2026/05/24-14:43:15.096749 7fe7fe84a700                       Options.keep_log_file_num: 1000
2026/05/24-14:43:15.096750 7fe7fe84a700                    Options.recycle_log_file_num: 0
2026/05/24-14:43:15.096750 7fe7fe84a700                         Options.allow_fallocate: 1
2026/05/24-14:43:15.096846 7fe7fe84a700                        Options.allow_mmap_reads: 0
2026/05/24-14:43:15.096847 7fe7fe84a700                       Options.allow_mmap_writes: 0
2026/05/24-14:43:15.096848 7fe7fe84a700                        Options.use_direct_reads: 0
2026/05/24-14:43:15.096848 7fe7fe84a700                        Options.use_direct_io_for_flush_and_compaction: 0
2026/05/24-14:43:15.096849 7fe7fe84a700          Options.create_missing_column_families: 1
2026/05/24-14:43:15.096849 7fe7fe84a700                              Options.db_log_dir: 
2026/05/24-14:43:15.096940 7fe7fe84a700                                 Options.wal_dir: /home/nacos/data/protocol/raft/naming_instance_metadata/log
2026/05/24-14:43:15.096941 7fe7fe84a700                Options.table_cache_numshardbits: 6
2026/05/24-14:43:15.096942 7fe7fe84a700                      Options.max_subcompactions: 1
2026/05/24-14:43:15.096943 7fe7fe84a700                  Options.max_background_flushes: 1
2026/05/24-14:43:15.096943 7fe7fe84a700                         Options.WAL_ttl_seconds: 0
2026/05/24-14:43:15.097043 7fe7fe84a700                       Options.WAL_size_limit_MB: 0
2026/05/24-14:43:15.097047 7fe7fe84a700             Options.manifest_preallocation_size: 4194304
2026/05/24-14:43:15.097047 7fe7fe84a700                     Options.is_fd_close_on_exec: 1
2026/05/24-14:43:15.097048 7fe7fe84a700                   Options.advise_random_on_open: 1
2026/05/24-14:43:15.097048 7fe7fe84a700                    Options.db_write_buffer_size: 0
2026/05/24-14:43:15.097157 7fe7fe84a700                    Options.write_buffer_manager: 0x7fe7f922e4c0
2026/05/24-14:43:15.097158 7fe7fe84a700         Options.access_hint_on_compaction_start: 1
2026/05/24-14:43:15.097158 7fe7fe84a700  Options.new_table_reader_for_compaction_inputs: 0
2026/05/24-14:43:15.097159 7fe7fe84a700           Options.random_access_max_buffer_size: 1048576
2026/05/24-14:43:15.097159 7fe7fe84a700                      Options.use_adaptive_mutex: 0
2026/05/24-14:43:15.097160 7fe7fe84a700                            Options.rate_limiter: (nil)
2026/05/24-14:43:15.097278 7fe7fe84a700     Options.sst_file_manager.rate_bytes_per_sec: 0
2026/05/24-14:43:15.097280 7fe7fe84a700                       Options.wal_recovery_mode: 2
2026/05/24-14:43:15.097280 7fe7fe84a700                  Options.enable_thread_tracking: 0
2026/05/24-14:43:15.097281 7fe7fe84a700                  Options.enable_pipelined_write: 0
2026/05/24-14:43:15.097282 7fe7fe84a700         Options.allow_concurrent_memtable_write: 1
2026/05/24-14:43:15.097375 7fe7fe84a700      Options.enable_write_thread_adaptive_yield: 1
2026/05/24-14:43:15.097376 7fe7fe84a700             Options.write_thread_max_yield_usec: 100
2026/05/24-14:43:15.097377 7fe7fe84a700            Options.write_thread_slow_yield_usec: 3
2026/05/24-14:43:15.097377 7fe7fe84a700                               Options.row_cache: None
2026/05/24-14:43:15.097378 7fe7fe84a700                              Options.wal_filter: None
2026/05/24-14:43:15.097378 7fe7fe84a700             Options.avoid_flush_during_recovery: 0
2026/05/24-14:43:15.097489 7fe7fe84a700             Options.allow_ingest_behind: 0
2026/05/24-14:43:15.097490 7fe7fe84a700             Options.preserve_deletes: 0
2026/05/24-14:43:15.097491 7fe7fe84a700             Options.two_write_queues: 0
2026/05/24-14:43:15.097491 7fe7fe84a700             Options.manual_wal_flush: 0
2026/05/24-14:43:15.097492 7fe7fe84a700             Options.max_background_jobs: 2
2026/05/24-14:43:15.097492 7fe7fe84a700             Options.max_background_compactions: 4
2026/05/24-14:43:15.097587 7fe7fe84a700             Options.avoid_flush_during_shutdown: 0
2026/05/24-14:43:15.097588 7fe7fe84a700           Options.writable_file_max_buffer_size: 1048576
2026/05/24-14:43:15.097589 7fe7fe84a700             Options.delayed_write_rate : 16777216
2026/05/24-14:43:15.097589 7fe7fe84a700             Options.max_total_wal_size: 0
2026/05/24-14:43:15.097590 7fe7fe84a700             Options.delete_obsolete_files_period_micros: 21600000000
2026/05/24-14:43:15.097591 7fe7fe84a700                   Options.stats_dump_period_sec: 600
2026/05/24-14:43:15.097681 7fe7fe84a700                          Options.max_open_files: -1
2026/05/24-14:43:15.097682 7fe7fe84a700                          Options.bytes_per_sync: 0
2026/05/24-14:43:15.097683 7fe7fe84a700                      Options.wal_bytes_per_sync: 0
2026/05/24-14:43:15.097684 7fe7fe84a700       Options.compaction_readahead_size: 0
2026/05/24-14:43:15.097684 7fe7fe84a700 Compression algorithms supported:
2026/05/24-14:43:15.097776 7fe7fe84a700 	kZSTDNotFinalCompression supported: 1
2026/05/24-14:43:15.097778 7fe7fe84a700 	kZSTD supported: 1
2026/05/24-14:43:15.097779 7fe7fe84a700 	kXpressCompression supported: 0
2026/05/24-14:43:15.097779 7fe7fe84a700 	kLZ4HCCompression supported: 1
2026/05/24-14:43:15.097780 7fe7fe84a700 	kLZ4Compression supported: 1
2026/05/24-14:43:15.097780 7fe7fe84a700 	kBZip2Compression supported: 1
2026/05/24-14:43:15.097780 7fe7fe84a700 	kZlibCompression supported: 1
2026/05/24-14:43:15.097781 7fe7fe84a700 	kSnappyCompression supported: 1
2026/05/24-14:43:15.097878 7fe7fe84a700 Fast CRC32 supported: Not supported on x86
2026/05/24-14:43:15.113408 7fe7fe84a700 [/version_set.cc:3508] Recovering from manifest file: MANIFEST-000011
2026/05/24-14:43:15.115431 7fe7fe84a700 [/column_family.cc:474] --------------- Options for column family [default]:
2026/05/24-14:43:15.115436 7fe7fe84a700               Options.comparator: leveldb.BytewiseComparator
2026/05/24-14:43:15.115437 7fe7fe84a700           Options.merge_operator: StringAppendOperator
2026/05/24-14:43:15.115624 7fe7fe84a700        Options.compaction_filter: None
2026/05/24-14:43:15.115629 7fe7fe84a700        Options.compaction_filter_factory: None
2026/05/24-14:43:15.115630 7fe7fe84a700         Options.memtable_factory: SkipListFactory
2026/05/24-14:43:15.115631 7fe7fe84a700            Options.table_factory: BlockBasedTable
2026/05/24-14:43:15.115644 7fe7fe84a700            table_factory options:   flush_block_policy_factory: FlushBlockBySizePolicyFactory (0x7fe7f8fcf400)
  cache_index_and_filter_blocks: 0
  cache_index_and_filter_blocks_with_high_priority: 1
  pin_l0_filter_and_index_blocks_in_cache: 1
  pin_top_level_index_and_filter: 1
  index_type: 2
  hash_index_allow_collision: 1
  checksum: 1
  no_block_cache: 0
  block_cache: 0x7fe7f922cca0
  block_cache_name: LRUCache
  block_cache_options:
    capacity : 536870912
    num_shard_bits : 8
    strict_capacity_limit : 0
    memory_allocator : None
    high_pri_pool_ratio: 0.000
  block_cache_compressed: (nil)
  persistent_cache: (nil)
  block_size: 4096
  block_size_deviation: 10
  block_restart_interval: 16
  index_block_restart_interval: 1
  metadata_block_size: 8192
  partition_filters: 1
  use_delta_encoding: 1
  filter_policy: nullptr
  whole_key_filtering: 1
  verify_compression: 0
  read_amp_bytes_per_bit: 0
  format_version: 0
  enable_index_compression: 1
  block_align: 0
2026/05/24-14:43:15.116028 7fe7fe84a700        Options.write_buffer_size: 134217728
2026/05/24-14:43:15.116030 7fe7fe84a700  Options.max_write_buffer_number: 6
2026/05/24-14:43:15.116195 7fe7fe84a700        Options.compression[0]: NoCompression
2026/05/24-14:43:15.116196 7fe7fe84a700        Options.compression[1]: NoCompression
2026/05/24-14:43:15.116197 7fe7fe84a700        Options.compression[2]: Snappy
2026/05/24-14:43:15.116197 7fe7fe84a700        Options.compression[3]: Snappy
2026/05/24-14:43:15.116198 7fe7fe84a700        Options.compression[4]: Snappy
2026/05/24-14:43:15.116198 7fe7fe84a700        Options.compression[5]: Snappy
2026/05/24-14:43:15.116355 7fe7fe84a700        Options.compression[6]: Snappy
2026/05/24-14:43:15.116356 7fe7fe84a700                  Options.bottommost_compression: Disabled
2026/05/24-14:43:15.116357 7fe7fe84a700       Options.prefix_extractor: rocksdb.FixedPrefix.8
2026/05/24-14:43:15.116358 7fe7fe84a700   Options.memtable_insert_with_hint_prefix_extractor: nullptr
2026/05/24-14:43:15.116358 7fe7fe84a700             Options.num_levels: 7
2026/05/24-14:43:15.116359 7fe7fe84a700        Options.min_write_buffer_number_to_merge: 2
2026/05/24-14:43:15.116570 7fe7fe84a700     Options.max_write_buffer_number_to_maintain: 0
2026/05/24-14:43:15.116571 7fe7fe84a700            Options.bottommost_compression_opts.window_bits: -14
2026/05/24-14:43:15.116572 7fe7fe84a700                  Options.bottommost_compression_opts.level: 32767
2026/05/24-14:43:15.116573 7fe7fe84a700               Options.bottommost_compression_opts.strategy: 0
2026/05/24-14:43:15.116573 7fe7fe84a700         Options.bottommost_compression_opts.max_dict_bytes: 0
2026/05/24-14:43:15.116726 7fe7fe84a700         Options.bottommost_compression_opts.zstd_max_train_bytes: 0
2026/05/24-14:43:15.116727 7fe7fe84a700                  Options.bottommost_compression_opts.enabled: false
2026/05/24-14:43:15.116728 7fe7fe84a700            Options.compression_opts.window_bits: -14
2026/05/24-14:43:15.116729 7fe7fe84a700                  Options.compression_opts.level: 32767
2026/05/24-14:43:15.116729 7fe7fe84a700               Options.compression_opts.strategy: 0
2026/05/24-14:43:15.116897 7fe7fe84a700         Options.compression_opts.max_dict_bytes: 0
2026/05/24-14:43:15.116901 7fe7fe84a700         Options.compression_opts.zstd_max_train_bytes: 0
2026/05/24-14:43:15.116901 7fe7fe84a700                  Options.compression_opts.enabled: false
2026/05/24-14:43:15.116902 7fe7fe84a700      Options.level0_file_num_compaction_trigger: 2
2026/05/24-14:43:15.116902 7fe7fe84a700          Options.level0_slowdown_writes_trigger: 20
2026/05/24-14:43:15.116903 7fe7fe84a700              Options.level0_stop_writes_trigger: 40
2026/05/24-14:43:15.117080 7fe7fe84a700                   Options.target_file_size_base: 67108864
2026/05/24-14:43:15.117081 7fe7fe84a700             Options.target_file_size_multiplier: 1
2026/05/24-14:43:15.117082 7fe7fe84a700                Options.max_bytes_for_level_base: 536870912
2026/05/24-14:43:15.117082 7fe7fe84a700 Options.level_compaction_dynamic_level_bytes: 0
2026/05/24-14:43:15.117083 7fe7fe84a700          Options.max_bytes_for_level_multiplier: 10.000000
2026/05/24-14:43:15.117246 7fe7fe84a700 Options.max_bytes_for_level_multiplier_addtl[0]: 1
2026/05/24-14:43:15.117247 7fe7fe84a700 Options.max_bytes_for_level_multiplier_addtl[1]: 1
2026/05/24-14:43:15.117248 7fe7fe84a700 Options.max_bytes_for_level_multiplier_addtl[2]: 1
2026/05/24-14:43:15.117248 7fe7fe84a700 Options.max_bytes_for_level_multiplier_addtl[3]: 1
2026/05/24-14:43:15.117249 7fe7fe84a700 Options.max_bytes_for_level_multiplier_addtl[4]: 1
2026/05/24-14:43:15.117249 7fe7fe84a700 Options.max_bytes_for_level_multiplier_addtl[5]: 1
2026/05/24-14:43:15.117405 7fe7fe84a700 Options.max_bytes_for_level_multiplier_addtl[6]: 1
2026/05/24-14:43:15.117406 7fe7fe84a700       Options.max_sequential_skip_in_iterations: 8
2026/05/24-14:43:15.117407 7fe7fe84a700                    Options.max_compaction_bytes: 1677721600
2026/05/24-14:43:15.117407 7fe7fe84a700                        Options.arena_block_size: 16777216
2026/05/24-14:43:15.117408 7fe7fe84a700   Options.soft_pending_compaction_bytes_limit: 68719476736
2026/05/24-14:43:15.117555 7fe7fe84a700   Options.hard_pending_compaction_bytes_limit: 274877906944
2026/05/24-14:43:15.117556 7fe7fe84a700       Options.rate_limit_delay_max_milliseconds: 100
2026/05/24-14:43:15.117557 7fe7fe84a700                Options.disable_auto_compactions: 0
2026/05/24-14:43:15.117558 7fe7fe84a700                        Options.compaction_style: kCompactionStyleLevel
2026/05/24-14:43:15.117559 7fe7fe84a700                          Options.compaction_pri: kByCompensatedSize
2026/05/24-14:43:15.117706 7fe7fe84a700 Options.compaction_options_universal.size_ratio: 1
2026/05/24-14:43:15.117707 7fe7fe84a700 Options.compaction_options_universal.min_merge_width: 2
2026/05/24-14:43:15.117708 7fe7fe84a700 Options.compaction_options_universal.max_merge_width: 4294967295
2026/05/24-14:43:15.117708 7fe7fe84a700 Options.compaction_options_universal.max_size_amplification_percent: 200
2026/05/24-14:43:15.117709 7fe7fe84a700 Options.compaction_options_universal.compression_size_percent: -1
2026/05/24-14:43:15.117852 7fe7fe84a700 Options.compaction_options_universal.stop_style: kCompactionStopStyleTotalSize
2026/05/24-14:43:15.117853 7fe7fe84a700 Options.compaction_options_fifo.max_table_files_size: 1073741824
2026/05/24-14:43:15.117854 7fe7fe84a700 Options.compaction_options_fifo.allow_compaction: 0
2026/05/24-14:43:15.117854 7fe7fe84a700 Options.compaction_options_fifo.ttl: 0
2026/05/24-14:43:15.117855 7fe7fe84a700                   Options.table_properties_collectors: 
2026/05/24-14:43:15.117995 7fe7fe84a700                   Options.inplace_update_support: 0
2026/05/24-14:43:15.117996 7fe7fe84a700                 Options.inplace_update_num_locks: 10000
2026/05/24-14:43:15.117997 7fe7fe84a700               Options.memtable_prefix_bloom_size_ratio: 0.125000
2026/05/24-14:43:15.117998 7fe7fe84a700   Options.memtable_huge_page_size: 0
2026/05/24-14:43:15.117999 7fe7fe84a700                           Options.bloom_locality: 0
2026/05/24-14:43:15.117999 7fe7fe84a700                    Options.max_successive_merges: 0
2026/05/24-14:43:15.118140 7fe7fe84a700                Options.optimize_filters_for_hits: 0
2026/05/24-14:43:15.118141 7fe7fe84a700                Options.paranoid_file_checks: 0
2026/05/24-14:43:15.118141 7fe7fe84a700                Options.force_consistency_checks: 1
2026/05/24-14:43:15.118142 7fe7fe84a700                Options.report_bg_io_stats: 0
2026/05/24-14:43:15.118143 7fe7fe84a700                               Options.ttl: 0
2026/05/24-14:43:15.127700 7fe7fe84a700 [/column_family.cc:474] --------------- Options for column family [Configuration]:
2026/05/24-14:43:15.128029 7fe7fe84a700               Options.comparator: leveldb.BytewiseComparator
2026/05/24-14:43:15.128033 7fe7fe84a700           Options.merge_operator: StringAppendOperator
2026/05/24-14:43:15.128034 7fe7fe84a700        Options.compaction_filter: None
2026/05/24-14:43:15.128034 7fe7fe84a700        Options.compaction_filter_factory: None
2026/05/24-14:43:15.128035 7fe7fe84a700         Options.memtable_factory: SkipListFactory
2026/05/24-14:43:15.128368 7fe7fe84a700            Options.table_factory: BlockBasedTable
2026/05/24-14:43:15.128383 7fe7fe84a700            table_factory options:   flush_block_policy_factory: FlushBlockBySizePolicyFactory (0x7fe7f8fcf400)
  cache_index_and_filter_blocks: 0
  cache_index_and_filter_blocks_with_high_priority: 1
  pin_l0_filter_and_index_blocks_in_cache: 1
  pin_top_level_index_and_filter: 1
  index_type: 2
  hash_index_allow_collision: 1
  checksum: 1
  no_block_cache: 0
  block_cache: 0x7fe7f922cca0
  block_cache_name: LRUCache
  block_cache_options:
    capacity : 536870912
    num_shard_bits : 8
    strict_capacity_limit : 0
    memory_allocator : None
    high_pri_pool_ratio: 0.000
  block_cache_compressed: (nil)
  persistent_cache: (nil)
  block_size: 4096
  block_size_deviation: 10
  block_restart_interval: 16
  index_block_restart_interval: 1
  metadata_block_size: 8192
  partition_filters: 1
  use_delta_encoding: 1
  filter_policy: nullptr
  whole_key_filtering: 1
  verify_compression: 0
  read_amp_bytes_per_bit: 0
  format_version: 0
  enable_index_compression: 1
  block_align: 0
2026/05/24-14:43:15.128899 7fe7fe84a700        Options.write_buffer_size: 134217728
2026/05/24-14:43:15.128902 7fe7fe84a700  Options.max_write_buffer_number: 6
2026/05/24-14:43:15.128905 7fe7fe84a700        Options.compression[0]: NoCompression
2026/05/24-14:43:15.128905 7fe7fe84a700        Options.compression[1]: NoCompression
2026/05/24-14:43:15.128906 7fe7fe84a700        Options.compression[2]: Snappy
2026/05/24-14:43:15.129114 7fe7fe84a700        Options.compression[3]: Snappy
2026/05/24-14:43:15.129115 7fe7fe84a700        Options.compression[4]: Snappy
2026/05/24-14:43:15.129116 7fe7fe84a700        Options.compression[5]: Snappy
2026/05/24-14:43:15.129116 7fe7fe84a700        Options.compression[6]: Snappy
2026/05/24-14:43:15.129117 7fe7fe84a700                  Options.bottommost_compression: Disabled
2026/05/24-14:43:15.129117 7fe7fe84a700       Options.prefix_extractor: rocksdb.FixedPrefix.8
2026/05/24-14:43:15.129300 7fe7fe84a700   Options.memtable_insert_with_hint_prefix_extractor: nullptr
2026/05/24-14:43:15.129301 7fe7fe84a700             Options.num_levels: 7
2026/05/24-14:43:15.129302 7fe7fe84a700        Options.min_write_buffer_number_to_merge: 2
2026/05/24-14:43:15.129302 7fe7fe84a700     Options.max_write_buffer_number_to_maintain: 0
2026/05/24-14:43:15.129303 7fe7fe84a700            Options.bottommost_compression_opts.window_bits: -14
2026/05/24-14:43:15.129303 7fe7fe84a700                  Options.bottommost_compression_opts.level: 32767
2026/05/24-14:43:15.129510 7fe7fe84a700               Options.bottommost_compression_opts.strategy: 0
2026/05/24-14:43:15.129511 7fe7fe84a700         Options.bottommost_compression_opts.max_dict_bytes: 0
2026/05/24-14:43:15.129512 7fe7fe84a700         Options.bottommost_compression_opts.zstd_max_train_bytes: 0
2026/05/24-14:43:15.129513 7fe7fe84a700                  Options.bottommost_compression_opts.enabled: false
2026/05/24-14:43:15.129514 7fe7fe84a700            Options.compression_opts.window_bits: -14
2026/05/24-14:43:15.129695 7fe7fe84a700                  Options.compression_opts.level: 32767
2026/05/24-14:43:15.129696 7fe7fe84a700               Options.compression_opts.strategy: 0
2026/05/24-14:43:15.129697 7fe7fe84a700         Options.compression_opts.max_dict_bytes: 0
2026/05/24-14:43:15.129697 7fe7fe84a700         Options.compression_opts.zstd_max_train_bytes: 0
2026/05/24-14:43:15.129698 7fe7fe84a700                  Options.compression_opts.enabled: false
2026/05/24-14:43:15.129884 7fe7fe84a700      Options.level0_file_num_compaction_trigger: 2
2026/05/24-14:43:15.129885 7fe7fe84a700          Options.level0_slowdown_writes_trigger: 20
2026/05/24-14:43:15.129885 7fe7fe84a700              Options.level0_stop_writes_trigger: 40
2026/05/24-14:43:15.129886 7fe7fe84a700                   Options.target_file_size_base: 67108864
2026/05/24-14:43:15.129886 7fe7fe84a700             Options.target_file_size_multiplier: 1
2026/05/24-14:43:15.129887 7fe7fe84a700                Options.max_bytes_for_level_base: 536870912
2026/05/24-14:43:15.130076 7fe7fe84a700 Options.level_compaction_dynamic_level_bytes: 0
2026/05/24-14:43:15.130077 7fe7fe84a700          Options.max_bytes_for_level_multiplier: 10.000000
2026/05/24-14:43:15.130079 7fe7fe84a700 Options.max_bytes_for_level_multiplier_addtl[0]: 1
2026/05/24-14:43:15.130080 7fe7fe84a700 Options.max_bytes_for_level_multiplier_addtl[1]: 1
2026/05/24-14:43:15.130080 7fe7fe84a700 Options.max_bytes_for_level_multiplier_addtl[2]: 1
2026/05/24-14:43:15.130267 7fe7fe84a700 Options.max_bytes_for_level_multiplier_addtl[3]: 1
2026/05/24-14:43:15.130268 7fe7fe84a700 Options.max_bytes_for_level_multiplier_addtl[4]: 1
2026/05/24-14:43:15.130269 7fe7fe84a700 Options.max_bytes_for_level_multiplier_addtl[5]: 1
2026/05/24-14:43:15.130269 7fe7fe84a700 Options.max_bytes_for_level_multiplier_addtl[6]: 1
2026/05/24-14:43:15.130270 7fe7fe84a700       Options.max_sequential_skip_in_iterations: 8
2026/05/24-14:43:15.130270 7fe7fe84a700                    Options.max_compaction_bytes: 1677721600
2026/05/24-14:43:15.130450 7fe7fe84a700                        Options.arena_block_size: 16777216
2026/05/24-14:43:15.130451 7fe7fe84a700   Options.soft_pending_compaction_bytes_limit: 68719476736
2026/05/24-14:43:15.130452 7fe7fe84a700   Options.hard_pending_compaction_bytes_limit: 274877906944
2026/05/24-14:43:15.130452 7fe7fe84a700       Options.rate_limit_delay_max_milliseconds: 100
2026/05/24-14:43:15.130453 7fe7fe84a700                Options.disable_auto_compactions: 0
2026/05/24-14:43:15.130639 7fe7fe84a700                        Options.compaction_style: kCompactionStyleLevel
2026/05/24-14:43:15.130640 7fe7fe84a700                          Options.compaction_pri: kByCompensatedSize
2026/05/24-14:43:15.130641 7fe7fe84a700 Options.compaction_options_universal.size_ratio: 1
2026/05/24-14:43:15.130642 7fe7fe84a700 Options.compaction_options_universal.min_merge_width: 2
2026/05/24-14:43:15.130642 7fe7fe84a700 Options.compaction_options_universal.max_merge_width: 4294967295
2026/05/24-14:43:15.130831 7fe7fe84a700 Options.compaction_options_universal.max_size_amplification_percent: 200
2026/05/24-14:43:15.130834 7fe7fe84a700 Options.compaction_options_universal.compression_size_percent: -1
2026/05/24-14:43:15.130835 7fe7fe84a700 Options.compaction_options_universal.stop_style: kCompactionStopStyleTotalSize
2026/05/24-14:43:15.130836 7fe7fe84a700 Options.compaction_options_fifo.max_table_files_size: 1073741824
2026/05/24-14:43:15.130836 7fe7fe84a700 Options.compaction_options_fifo.allow_compaction: 0
2026/05/24-14:43:15.131029 7fe7fe84a700 Options.compaction_options_fifo.ttl: 0
2026/05/24-14:43:15.131031 7fe7fe84a700                   Options.table_properties_collectors: 
2026/05/24-14:43:15.131032 7fe7fe84a700                   Options.inplace_update_support: 0
2026/05/24-14:43:15.131032 7fe7fe84a700                 Options.inplace_update_num_locks: 10000
2026/05/24-14:43:15.131033 7fe7fe84a700               Options.memtable_prefix_bloom_size_ratio: 0.125000
2026/05/24-14:43:15.131190 7fe7fe84a700   Options.memtable_huge_page_size: 0
2026/05/24-14:43:15.131191 7fe7fe84a700                           Options.bloom_locality: 0
2026/05/24-14:43:15.131192 7fe7fe84a700                    Options.max_successive_merges: 0
2026/05/24-14:43:15.131192 7fe7fe84a700                Options.optimize_filters_for_hits: 0
2026/05/24-14:43:15.131192 7fe7fe84a700                Options.paranoid_file_checks: 0
2026/05/24-14:43:15.131193 7fe7fe84a700                Options.force_consistency_checks: 1
2026/05/24-14:43:15.131383 7fe7fe84a700                Options.report_bg_io_stats: 0
2026/05/24-14:43:15.131385 7fe7fe84a700                               Options.ttl: 0
2026/05/24-14:43:15.162009 7fe7fe84a700 [/version_set.cc:3724] Recovered from manifest file:/home/nacos/data/protocol/raft/naming_instance_metadata/log/MANIFEST-000011 succeeded,manifest_file_number is 11, next_file_number is 17, last_sequence is 3, log_number is 0,prev_log_number is 0,max_column_family is 1,min_log_number_to_keep is 0
2026/05/24-14:43:15.162146 7fe7fe84a700 [/version_set.cc:3732] Column family [default] (ID 0), log number is 10
2026/05/24-14:43:15.162151 7fe7fe84a700 [/version_set.cc:3732] Column family [Configuration] (ID 1), log number is 10
2026/05/24-14:43:15.164219 7fe7fe84a700 EVENT_LOG_v1 {"time_micros": 1779604995164217, "job": 1, "event": "recovery_started", "log_files": [13]}
2026/05/24-14:43:15.164224 7fe7fe84a700 [/db_impl_open.cc:578] Recovering log #13 mode 2
2026/05/24-14:43:15.181859 7fe7fe84a700 EVENT_LOG_v1 {"time_micros": 1779604995181853, "cf_name": "default", "job": 1, "event": "table_file_creation", "file_number": 17, "file_size": 723, "table_properties": {"data_size": 0, "index_size": 13, "filter_size": 0, "raw_key_size": 16, "raw_average_key_size": 0, "raw_value_size": 8, "raw_average_value_size": 0, "num_data_blocks": 0, "num_entries": 0, "filter_policy_name": ""}}
2026/05/24-14:43:15.183050 7fe7fe84a700 [/version_set.cc:3037] Creating manifest 18
2026/05/24-14:43:15.212035 7fe7fe84a700 EVENT_LOG_v1 {"time_micros": 1779604995212030, "cf_name": "Configuration", "job": 1, "event": "table_file_creation", "file_number": 19, "file_size": 729, "table_properties": {"data_size": 0, "index_size": 13, "filter_size": 0, "raw_key_size": 16, "raw_average_key_size": 0, "raw_value_size": 8, "raw_average_value_size": 0, "num_data_blocks": 0, "num_entries": 0, "filter_policy_name": ""}}
2026/05/24-14:43:15.218200 7fe7fe84a700 EVENT_LOG_v1 {"time_micros": 1779604995218198, "job": 1, "event": "recovery_finished"}
2026/05/24-14:43:15.243732 7fe7fe84a700 [/db_impl_open.cc:1314] DB pointer 0x7fe7f9b6c850
2026/05/24-14:43:15.244046 7fe799ffb700 [WARN] [/db_impl.cc:669] ------- DUMPING STATS -------
2026/05/24-14:43:15.244062 7fe799ffb700 [WARN] [/db_impl.cc:670] 
** DB Stats **
Uptime(secs): 0.1 total, 0.1 interval
Cumulative writes: 0 writes, 0 keys, 0 commit groups, 0.0 writes per commit group, ingest: 0.00 GB, 0.00 MB/s
Cumulative WAL: 0 writes, 0 syncs, 0.00 writes per sync, written: 0.00 GB, 0.00 MB/s
Cumulative stall: 00:00:0.000 H:M:S, 0.0 percent
Interval writes: 0 writes, 0 keys, 0 commit groups, 0.0 writes per commit group, ingest: 0.00 MB, 0.00 MB/s
Interval WAL: 0 writes, 0 syncs, 0.00 writes per sync, written: 0.00 MB, 0.00 MB/s
Interval stall: 00:00:0.000 H:M:S, 0.0 percent

** Compaction Stats [default] **
Level    Files   Size     Score Read(GB)  Rn(GB) Rnp1(GB) Write(GB) Wnew(GB) Moved(GB) W-Amp Rd(MB/s) Wr(MB/s) Comp(sec) Comp(cnt) Avg(sec) KeyIn KeyDrop
----------------------------------------------------------------------------------------------------------------------------------------------------------
  L0      2/2    1.49 KB   0.0      0.0     0.0      0.0       0.0      0.0       0.0   1.0      0.0      0.0         0         1    0.016       0      0
 Sum      2/2    1.49 KB   0.0      0.0     0.0      0.0       0.0      0.0       0.0   1.0      0.0      0.0         0         1    0.016       0      0
 Int      0/0    0.00 KB   0.0      0.0     0.0      0.0       0.0      0.0       0.0   1.0      0.0      0.0         0         1    0.016       0      0
Uptime(secs): 0.1 total, 0.1 interval
Flush(GB): cumulative 0.000, interval 0.000
AddFile(GB): cumulative 0.000, interval 0.000
AddFile(Total Files): cumulative 0, interval 0
AddFile(L0 Files): cumulative 0, interval 0
AddFile(Keys): cumulative 0, interval 0
Cumulative compaction: 0.00 GB write, 0.01 MB/s write, 0.00 GB read, 0.00 MB/s read, 0.0 seconds
Interval compaction: 0.00 GB write, 0.01 MB/s write, 0.00 GB read, 0.00 MB/s read, 0.0 seconds
Stalls(count): 0 level0_slowdown, 0 level0_slowdown_with_compaction, 0 level0_numfiles, 0 level0_numfiles_with_compaction, 0 stop for pending_compaction_bytes, 0 slowdown for pending_compaction_bytes, 0 memtable_compaction, 0 memtable_slowdown, interval 0 total count

** File Read Latency Histogram By Level [default] **
** Level 0 read latency histogram (micros):
Count: 10 Average: 126.6000  StdDev: 65.35
Min: 88  Median: 110.0000  Max: 318
Percentiles: P50: 110.00 P75: 147.50 P99: 318.00 P99.9: 318.00 P99.99: 318.00
------------------------------------------------------
(      76,     110 ]        5  50.000%  50.000% ##########
(     110,     170 ]        4  40.000%  90.000% ########
(     250,     380 ]        1  10.000% 100.000% ##


** Compaction Stats [Configuration] **
Level    Files   Size     Score Read(GB)  Rn(GB) Rnp1(GB) Write(GB) Wnew(GB) Moved(GB) W-Amp Rd(MB/s) Wr(MB/s) Comp(sec) Comp(cnt) Avg(sec) KeyIn KeyDrop
----------------------------------------------------------------------------------------------------------------------------------------------------------
  L0      2/0    1.49 KB   1.0      0.0     0.0      0.0       0.0      0.0       0.0   1.0      0.0      0.1         0         1    0.012       0      0
  L1      1/0    0.79 KB   0.0      0.0     0.0      0.0       0.0      0.0       0.0   0.0      0.0      0.0         0         0    0.000       0      0
 Sum      3/0    2.27 KB   0.0      0.0     0.0      0.0       0.0      0.0       0.0   1.0      0.0      0.1         0         1    0.012       0      0
 Int      0/0    0.00 KB   0.0      0.0     0.0      0.0       0.0      0.0       0.0   1.0      0.0      0.1         0         1    0.012       0      0
Uptime(secs): 0.1 total, 0.1 interval
Flush(GB): cumulative 0.000, interval 0.000
AddFile(GB): cumulative 0.000, interval 0.000
AddFile(Total Files): cumulative 0, interval 0
AddFile(L0 Files): cumulative 0, interval 0
AddFile(Keys): cumulative 0, interval 0
Cumulative compaction: 0.00 GB write, 0.01 MB/s write, 0.00 GB read, 0.00 MB/s read, 0.0 seconds
Interval compaction: 0.00 GB write, 0.01 MB/s write, 0.00 GB read, 0.00 MB/s read, 0.0 seconds
Stalls(count): 0 level0_slowdown, 0 level0_slowdown_with_compaction, 0 level0_numfiles, 0 level0_numfiles_with_compaction, 0 stop for pending_compaction_bytes, 0 slowdown for pending_compaction_bytes, 0 memtable_compaction, 0 memtable_slowdown, interval 0 total count

** File Read Latency Histogram By Level [Configuration] **
** Level 0 read latency histogram (micros):
Count: 10 Average: 102.3000  StdDev: 67.73
Min: 56  Median: 84.5000  Max: 295
Percentiles: P50: 84.50 P75: 105.75 P99: 295.00 P99.9: 295.00 P99.99: 295.00
------------------------------------------------------
(      51,      76 ]        4  40.000%  40.000% ########
(      76,     110 ]        4  40.000%  80.000% ########
(     110,     170 ]        1  10.000%  90.000% ##
(     250,     380 ]        1  10.000% 100.000% ##

** Level 1 read latency histogram (micros):
Count: 4 Average: 93.5000  StdDev: 5.50
Min: 85  Median: 93.0000  Max: 100
Percentiles: P50: 93.00 P75: 100.00 P99: 100.00 P99.9: 100.00 P99.99: 100.00
------------------------------------------------------
(      76,     110 ]        4 100.000% 100.000% ####################


** Compaction Stats [default] **
Level    Files   Size     Score Read(GB)  Rn(GB) Rnp1(GB) Write(GB) Wnew(GB) Moved(GB) W-Amp Rd(MB/s) Wr(MB/s) Comp(sec) Comp(cnt) Avg(sec) KeyIn KeyDrop
----------------------------------------------------------------------------------------------------------------------------------------------------------
  L0      2/2    1.49 KB   0.0      0.0     0.0      0.0       0.0      0.0       0.0   1.0      0.0      0.0         0         1    0.016       0      0
 Sum      2/2    1.49 KB   0.0      0.0     0.0      0.0       0.0      0.0       0.0   1.0      0.0      0.0         0         1    0.016       0      0
 Int      0/0    0.00 KB   0.0      0.0     0.0      0.0       0.0      0.0       0.0   0.0      0.0      0.0         0         0    0.000       0      0
Uptime(secs): 0.1 total, 0.0 interval
Flush(GB): cumulative 0.000, interval 0.000
AddFile(GB): cumulative 0.000, interval 0.000
AddFile(Total Files): cumulative 0, interval 0
AddFile(L0 Files): cumulative 0, interval 0
AddFile(Keys): cumulative 0, interval 0
Cumulative compaction: 0.00 GB write, 0.01 MB/s write, 0.00 GB read, 0.00 MB/s read, 0.0 seconds
Interval compaction: 0.00 GB write, 0.00 MB/s write, 0.00 GB read, 0.00 MB/s read, 0.0 seconds
Stalls(count): 0 level0_slowdown, 0 level0_slowdown_with_compaction, 0 level0_numfiles, 0 level0_numfiles_with_compaction, 0 stop for pending_compaction_bytes, 0 slowdown for pending_compaction_bytes, 0 memtable_compaction, 0 memtable_slowdown, interval 0 total count

** File Read Latency Histogram By Level [default] **
** Level 0 read latency histogram (micros):
Count: 10 Average: 126.6000  StdDev: 65.35
Min: 88  Median: 110.0000  Max: 318
Percentiles: P50: 110.00 P75: 147.50 P99: 318.00 P99.9: 318.00 P99.99: 318.00
------------------------------------------------------
(      76,     110 ]        5  50.000%  50.000% ##########
(     110,     170 ]        4  40.000%  90.000% ########
(     250,     380 ]        1  10.000% 100.000% ##


** Compaction Stats [Configuration] **
Level    Files   Size     Score Read(GB)  Rn(GB) Rnp1(GB) Write(GB) Wnew(GB) Moved(GB) W-Amp Rd(MB/s) Wr(MB/s) Comp(sec) Comp(cnt) Avg(sec) KeyIn KeyDrop
----------------------------------------------------------------------------------------------------------------------------------------------------------
  L0      2/0    1.49 KB   1.0      0.0     0.0      0.0       0.0      0.0       0.0   1.0      0.0      0.1         0         1    0.012       0      0
  L1      1/0    0.79 KB   0.0      0.0     0.0      0.0       0.0      0.0       0.0   0.0      0.0      0.0         0         0    0.000       0      0
 Sum      3/0    2.27 KB   0.0      0.0     0.0      0.0       0.0      0.0       0.0   1.0      0.0      0.1         0         1    0.012       0      0
 Int      0/0    0.00 KB   0.0      0.0     0.0      0.0       0.0      0.0       0.0   0.0      0.0      0.0         0         0    0.000       0      0
Uptime(secs): 0.1 total, 0.0 interval
Flush(GB): cumulative 0.000, interval 0.000
AddFile(GB): cumulative 0.000, interval 0.000
AddFile(Total Files): cumulative 0, interval 0
AddFile(L0 Files): cumulative 0, interval 0
AddFile(Keys): cumulative 0, interval 0
Cumulative compaction: 0.00 GB write, 0.01 MB/s write, 0.00 GB read, 0.00 MB/s read, 0.0 seconds
Interval compaction: 0.00 GB write, 0.00 MB/s write, 0.00 GB read, 0.00 MB/s read, 0.0 seconds
Stalls(count): 0 level0_slowdown, 0 level0_slowdown_with_compaction, 0 level0_numfiles, 0 level0_numfiles_with_compaction, 0 stop for pending_compaction_bytes, 0 slowdown for pending_compaction_bytes, 0 memtable_compaction, 0 memtable_slowdown, interval 0 total count

** File Read Latency Histogram By Level [Configuration] **
** Level 0 read latency histogram (micros):
Count: 10 Average: 102.3000  StdDev: 67.73
Min: 56  Median: 84.5000  Max: 295
Percentiles: P50: 84.50 P75: 105.75 P99: 295.00 P99.9: 295.00 P99.99: 295.00
------------------------------------------------------
(      51,      76 ]        4  40.000%  40.000% ########
(      76,     110 ]        4  40.000%  80.000% ########
(     110,     170 ]        1  10.000%  90.000% ##
(     250,     380 ]        1  10.000% 100.000% ##

** Level 1 read latency histogram (micros):
Count: 4 Average: 93.5000  StdDev: 5.50
Min: 85  Median: 93.0000  Max: 100
Percentiles: P50: 93.00 P75: 100.00 P99: 100.00 P99.9: 100.00 P99.99: 100.00
------------------------------------------------------
(      76,     110 ]        4 100.000% 100.000% ####################

2026/05/24-14:43:15.245012 7fe799ffb700 [WARN] [/db_impl.cc:617] STATISTICS:
 rocksdb.block.cache.miss COUNT : 7
rocksdb.block.cache.hit COUNT : 1
rocksdb.block.cache.add COUNT : 7
rocksdb.block.cache.add.failures COUNT : 0
rocksdb.block.cache.index.miss COUNT : 3
rocksdb.block.cache.index.hit COUNT : 1
rocksdb.block.cache.index.add COUNT : 3
rocksdb.block.cache.index.bytes.insert COUNT : 384
rocksdb.block.cache.index.bytes.evict COUNT : 0
rocksdb.block.cache.filter.miss COUNT : 0
rocksdb.block.cache.filter.hit COUNT : 0
rocksdb.block.cache.filter.add COUNT : 0
rocksdb.block.cache.filter.bytes.insert COUNT : 0
rocksdb.block.cache.filter.bytes.evict COUNT : 0
rocksdb.block.cache.data.miss COUNT : 4
rocksdb.block.cache.data.hit COUNT : 0
rocksdb.block.cache.data.add COUNT : 4
rocksdb.block.cache.data.bytes.insert COUNT : 560
rocksdb.block.cache.bytes.read COUNT : 128
rocksdb.block.cache.bytes.write COUNT : 944
rocksdb.bloom.filter.useful COUNT : 0
rocksdb.bloom.filter.full.positive COUNT : 0
rocksdb.bloom.filter.full.true.positive COUNT : 0
rocksdb.persistent.cache.hit COUNT : 0
rocksdb.persistent.cache.miss COUNT : 0
rocksdb.sim.block.cache.hit COUNT : 0
rocksdb.sim.block.cache.miss COUNT : 0
rocksdb.memtable.hit COUNT : 0
rocksdb.memtable.miss COUNT : 0
rocksdb.l0.hit COUNT : 0
rocksdb.l1.hit COUNT : 0
rocksdb.l2andup.hit COUNT : 0
rocksdb.compaction.key.drop.new COUNT : 0
rocksdb.compaction.key.drop.obsolete COUNT : 0
rocksdb.compaction.key.drop.range_del COUNT : 0
rocksdb.compaction.key.drop.user COUNT : 0
rocksdb.compaction.range_del.drop.obsolete COUNT : 0
rocksdb.compaction.optimized.del.drop.obsolete COUNT : 0
rocksdb.compaction.cancelled COUNT : 0
rocksdb.number.keys.written COUNT : 0
rocksdb.number.keys.read COUNT : 0
rocksdb.number.keys.updated COUNT : 0
rocksdb.bytes.written COUNT : 0
rocksdb.bytes.read COUNT : 0
rocksdb.number.db.seek COUNT : 1
rocksdb.number.db.next COUNT : 0
rocksdb.number.db.prev COUNT : 0
rocksdb.number.db.seek.found COUNT : 1
rocksdb.number.db.next.found COUNT : 0
rocksdb.number.db.prev.found COUNT : 0
rocksdb.db.iter.bytes.read COUNT : 41
rocksdb.no.file.closes COUNT : 0
rocksdb.no.file.opens COUNT : 5
rocksdb.no.file.errors COUNT : 0
rocksdb.l0.slowdown.micros COUNT : 0
rocksdb.memtable.compaction.micros COUNT : 0
rocksdb.l0.num.files.stall.micros COUNT : 0
rocksdb.stall.micros COUNT : 0
rocksdb.db.mutex.wait.micros COUNT : 0
rocksdb.rate.limit.delay.millis COUNT : 0
rocksdb.num.iterators COUNT : 0
rocksdb.number.multiget.get COUNT : 0
rocksdb.number.multiget.keys.read COUNT : 0
rocksdb.number.multiget.bytes.read COUNT : 0
rocksdb.number.deletes.filtered COUNT : 0
rocksdb.number.merge.failures COUNT : 0
rocksdb.bloom.filter.prefix.checked COUNT : 0
rocksdb.bloom.filter.prefix.useful COUNT : 0
rocksdb.number.reseeks.iteration COUNT : 0
rocksdb.getupdatessince.calls COUNT : 0
rocksdb.block.cachecompressed.miss COUNT : 0
rocksdb.block.cachecompressed.hit COUNT : 0
rocksdb.block.cachecompressed.add COUNT : 0
rocksdb.block.cachecompressed.add.failures COUNT : 0
rocksdb.wal.synced COUNT : 0
rocksdb.wal.bytes COUNT : 0
rocksdb.write.self COUNT : 0
rocksdb.write.other COUNT : 0
rocksdb.write.timeout COUNT : 0
rocksdb.write.wal COUNT : 0
rocksdb.compact.read.bytes COUNT : 0
rocksdb.compact.write.bytes COUNT : 1452
rocksdb.flush.write.bytes COUNT : 0
rocksdb.number.direct.load.table.properties COUNT : 0
rocksdb.number.superversion_acquires COUNT : 1
rocksdb.number.superversion_releases COUNT : 0
rocksdb.number.superversion_cleanups COUNT : 0
rocksdb.number.block.compressed COUNT : 0
rocksdb.number.block.decompressed COUNT : 0
rocksdb.number.block.not_compressed COUNT : 0
rocksdb.merge.operation.time.nanos COUNT : 0
rocksdb.filter.operation.time.nanos COUNT : 0
rocksdb.row.cache.hit COUNT : 0
rocksdb.row.cache.miss COUNT : 0
rocksdb.read.amp.estimate.useful.bytes COUNT : 0
rocksdb.read.amp.total.read.bytes COUNT : 0
